3 0.40625 0.6234375 0.25 0.359375
3 0.2796875 0.4015625 0.246875 0.346875
3 0.128125 0.715625 0.225 0.35
3 0.3109375 0.215625 0.234375 0.3
3 0.5078125 0.4234375 0.203125 0.309375
3 0.6828125 0.2421875 0.121875 0.159375
3 0.7640625 0.296875 0.215625 0.28125
3 0.94375 0.4625 0.1125 0.225
3 0.7625 0.571875 0.2125 0.31875
3 0.9109375 0.7515625 0.146875 0.203125
3 0.8828125 0.9140625 0.146875 0.171875
3 0.73125 0.75625 0.11875 0.175
3 0.61875 0.7765625 0.125 0.203125
3 0.596875 0.6 0.125 0.1875
3 0.609375 0.4921875 0.13125 0.203125
3 0.6453125 0.36875 0.128125 0.1875
3 0.6796875 0.2328125 0.121875 0.178125
3 0.490625 0.9375 0.24375 0.125
3 0.6 0.815625 0.21875 0.325
3 0.265625 0.9109375 0.25625 0.178125