3 0.34375 0.40390625 0.2484375 0.1265625
3 0.3796875 0.2703125 0.25625 0.178125
3 0.79453125 0.24453125 0.4109375 0.4828125
3 0.29453125 0.72578125 0.5890625 0.5484375
3 0.64140625 0.6125 0.125 0.28125
3 0.6890625 0.8265625 0.240625 0.346875
3 0.8265625 0.73671875 0.2734375 0.484375
3 0.83125 0.58828125 0.2078125 0.221875
3 0.9515625 0.584375 0.096875 0.203125
3 0.95234375 0.7234375 0.0953125 0.48125
3 0.921875 0.9203125 0.13125 0.159375
3 0.6375 0.86328125 0.134375 0.2734375
3 0.6484375 0.7734375 0.15625 0.453125
3 0.64296875 0.621875 0.1296875 0.3015625
3 0.63046875 0.5640625 0.096875 0.184375
3 0.65390625 0.57265625 0.14375 0.2015625
3 0.66484375 0.57890625 0.1671875 0.2140625
3 0.6640625 0.55390625 0.1609375 0.1640625