7 0.42578125 0.3390625 0.20859375 0.27734375
7 0.2484375 0.39140625 0.11484375 0.1296875
7 0.20546875 0.553125 0.16875 0.23671875
7 0.3265625 0.66640625 0.109375 0.165625
7 0.3359375 0.51796875 0.115625 0.15390625
7 0.58359375 0.41328125 0.1328125 0.203125
7 0.4765625 0.5921875 0.175 0.246875
7 0.62265625 0.64296875 0.125 0.18125
7 0.721875 0.4796875 0.1609375 0.22265625
7 0.80546875 0.3 0.1375 0.190625
7 0.671875 0.29609375 0.140625 0.1859375
7 0.86875 0.5109375 0.11328125 0.16875
7 0.778125 0.68125 0.16328125 0.21953125