7 0.44921875 0.33046875 0.2453125 0.303125
7 0.265625 0.3578125 0.13125 0.14375
7 0.20078125 0.51171875 0.2 0.2578125
7 0.30546875 0.640625 0.13125 0.1796875
7 0.33515625 0.4953125 0.1359375 0.16875
7 0.59453125 0.42578125 0.159375 0.2203125
7 0.4640625 0.58828125 0.2078125 0.26875
7 0.6015625 0.65859375 0.1484375 0.196875
7 0.72265625 0.5109375 0.190625 0.2421875
7 0.83046875 0.34453125 0.1625 0.2078125
7 0.6984375 0.321875 0.165625 0.203125
7 0.86328125 0.5625 0.1359375 0.1828125
7 0.75 0.71796875 0.1921875 0.240625