3 0.55703125 0.46328125 0.1796875 0.2328125
3 0.4515625 0.6140625 0.165625 0.2921875
3 0.80859375 0.29765625 0.153125 0.134375
3 0.496875 0.903125 0.1171875 0.1359375
3 0.37890625 0.95234375 0.1921875 0.0953125
3 0.16015625 0.97578125 0.1546875 0.0484375
3 0.12421875 0.90390625 0.128125 0.1390625
3 0.43359375 0.54296875 0.1453125 0.15
3 0.4609375 0.66484375 0.1546875 0.2375
3 0.3546875 0.665625 0.1484375 0.228125
3 0.38203125 0.83125 0.15625 0.1484375
3 0.1125 0.73046875 0.175 0.246875
3 0.24921875 0.84140625 0.196875 0.184375
3 0.20703125 0.65390625 0.1484375 0.1890625
3 0.796875 0.40625 0.225 0.2328125
3 0.89375 0.459375 0.1125 0.1359375
3 0.875 0.18046875 0.1578125 0.1953125
3 0.9203125 0.33125 0.1375 0.20625
3 0.37265625 0.4609375 0.1421875 0.1359375
3 0.640625 0.1015625 0.14375 0.203125
3 0.77265625 0.03359375 0.1859375 0.0671875