7 0.1546875 0.1890625 0.309375 0.196875
7 0.0875 0.1671875 0.175 0.240625
7 0.39375 0.1921875 0.33125 0.190625
7 0.1234375 0.1046875 0.246875 0.209375
7 0.353125 0.084375 0.24375 0.16875
7 0.671875 0.125 0.16875 0.25
7 0.703125 0.0921875 0.23125 0.184375
7 0.6375 0.0765625 0.1 0.153125
7 0.6671875 0.14375 0.159375 0.2875
7 0.4875 0.725 0.2 0.41875
7 0.215625 0.709375 0.30625 0.4
7 0.3671875 0.509375 0.246875 0.44375
7 0.49375 0.4546875 0.1875 0.271875
7 0.853125 0.4375 0.29375 0.3
7 0.8359375 0.759375 0.328125 0.48125
7 0.70625 0.5125 0.2375 0.45