7 0.31796875 0.21171875 0.190625 0.1484375
7 0.13828125 0.209375 0.19140625 0.1390625
7 0.1 0.1171875 0.12265625 0.10703125
7 0.209375 0.121875 0.12265625 0.128125
7 0.31328125 0.10859375 0.1234375 0.10625
7 0.87578125 0.06796875 0.1375 0.0953125
7 0.7453125 0.059375 0.11640625 0.090625
7 0.621875 0.06015625 0.11171875 0.09140625
7 0.5828125 0.1515625 0.128125 0.09375
7 0.72265625 0.1578125 0.115625 0.09140625
7 0.88125 0.16640625 0.11328125 0.08828125
7 0.6484375 0.25078125 0.134375 0.0984375
7 0.80703125 0.25390625 0.1296875 0.0984375
7 0.10703125 0.58203125 0.2140625 0.39375