7 0.1703125 0.17421875 0.284375 0.3484375
7 0.09140625 0.33203125 0.1828125 0.3890625
7 0.340625 0.26484375 0.315625 0.4859375
7 0.22578125 0.0734375 0.2359375 0.146875
7 0.13359375 0.07265625 0.1421875 0.1453125
7 0.8859375 0.2859375 0.228125 0.403125
7 0.76953125 0.40234375 0.4609375 0.3609375
7 0.93828125 0.5671875 0.1234375 0.309375
7 0.84765625 0.19609375 0.3046875 0.2984375
7 0.10078125 0.68515625 0.2015625 0.2671875
7 0.2953125 0.734375 0.334375 0.2890625
7 0.3328125 0.696875 0.3390625 0.2078125
7 0.29921875 0.65546875 0.140625 0.1046875
7 0.55859375 0.91328125 0.2359375 0.1734375
7 0.7328125 0.90234375 0.3 0.1953125
7 0.82890625 0.9171875 0.2171875 0.165625
7 0.83671875 0.80546875 0.25 0.2109375
7 0.6703125 0.80390625 0.246875 0.265625