7 0.1109375 0.2265625 0.221875 0.346875
7 0.0625 0.4140625 0.125 0.371875
7 0.2984375 0.3 0.234375 0.45
7 0.1421875 0.0953125 0.203125 0.190625
7 0.0515625 0.1078125 0.103125 0.215625
7 0.878125 0.209375 0.24375 0.3625
7 0.76875 0.3484375 0.4625 0.278125
7 0.9546875 0.4796875 0.090625 0.296875
7 0.821875 0.128125 0.34375 0.2375
7 0.1125 0.7640625 0.225 0.228125
7 0.34375 0.76875 0.29375 0.2375
7 0.3734375 0.725 0.315625 0.15
7 0.3328125 0.690625 0.128125 0.08125
7 0.640625 0.9125 0.20625 0.175
7 0.8125 0.8875 0.2625 0.225
7 0.9109375 0.8890625 0.178125 0.221875
7 0.8890625 0.7359375 0.221875 0.171875
7 0.725 0.765625 0.20625 0.23125