3 0.69765625 0.5671875 0.465625 0.8390625
3 0.91015625 0.45703125 0.1796875 0.3296875
3 0.88046875 0.77421875 0.175 0.321875
3 0.79921875 0.925 0.1890625 0.15
3 0.55234375 0.06953125 0.1515625 0.1375
3 0.6375 0.14453125 0.165625 0.24375
3 0.43671875 0.4375 0.203125 0.3765625
3 0.52421875 0.19453125 0.190625 0.3296875
3 0.28203125 0.2078125 0.20625 0.378125
3 0.12890625 0.3421875 0.184375 0.3359375
3 0.3046875 0.67578125 0.1890625 0.3515625
3 0.43125 0.81171875 0.21875 0.36875
3 0.25859375 0.8890625 0.209375 0.203125
3 0.15703125 0.76875 0.1953125 0.3640625
3 0.0671875 0.59296875 0.134375 0.3421875
3 0.87578125 0.18828125 0.228125 0.3390625
3 0.80546875 0.1171875 0.18125 0.2046875
3 0.43359375 0.1296875 0.1765625 0.259375
3 0.32265625 0.07578125 0.1984375 0.1515625
3 0.18125 0.12421875 0.203125 0.2484375
3 0.25390625 0.4828125 0.178125 0.328125