7 0.1265625 0.1546875 0.2484375 0.0953125
7 0.35703125 0.12890625 0.2515625 0.103125
7 0.24296875 0.059375 0.29140625 0.10703125
7 0.44140625 0.05078125 0.275 0.1015625
7 0.23203125 0.31640625 0.27109375 0.121875
7 0.45390625 0.32890625 0.25 0.09921875
7 0.10703125 0.32890625 0.2140625 0.0921875
7 0.259375 0.22109375 0.28359375 0.09375
7 0.6984375 0.21484375 0.23984375 0.36953125
7 0.27265625 0.6734375 0.2921875 0.4125
7 0.77578125 0.74609375 0.1265625 0.290625
7 0.8703125 0.5859375 0.1140625 0.24921875