7 0.30546875 0.2109375 0.1453125 0.23046875
7 0.70390625 0.26640625 0.521875 0.4546875
7 0.20625 0.7640625 0.38046875 0.43828125
7 0.51171875 0.6125 0.18359375 0.18515625
7 0.4484375 0.61875 0.05703125 0.12890625
7 0.46171875 0.78125 0.08359375 0.23671875
7 0.446875 0.89375 0.05390625 0.1640625
7 0.4484375 0.74609375 0.05703125 0.15234375
7 0.65703125 0.64140625 0.1328125 0.203125
7 0.55078125 0.8203125 0.175 0.246875
7 0.696875 0.87109375 0.125 0.18125
7 0.79609375 0.7078125 0.1609375 0.22265625
7 0.8796875 0.571875 0.1375 0.10390625
7 0.7453125 0.56796875 0.13984375 0.09609375
7 0.94296875 0.7390625 0.11328125 0.16875
7 0.85234375 0.89921875 0.16328125 0.20078125