7 0.6359375 0.17890625 0.1859375 0.2546875
7 0.27734375 0.30859375 0.5546875 0.5453125
7 0.8046875 0.703125 0.390625 0.503125
7 0.51015625 0.6125 0.215625 0.2171875
7 0.5734375 0.60703125 0.08125 0.1375
7 0.59140625 0.76875 0.1265625 0.2484375
7 0.62734375 0.8765625 0.084375 0.171875
7 0.59765625 0.73203125 0.084375 0.1609375
7 0.37265625 0.66875 0.16875 0.225
7 0.5109375 0.82421875 0.21875 0.275
7 0.37734375 0.9 0.1578125 0.2
7 0.24921875 0.76015625 0.2 0.25
7 0.140625 0.64296875 0.1546875 0.128125
7 0.271875 0.61328125 0.15625 0.1203125
7 0.1109375 0.81953125 0.14375 0.1875
7 0.23046875 0.92265625 0.1984375 0.1546875