3.0 0.368849 0.635053 0.288301 0.415136
3.0 0.226847 0.400277 0.284139 0.401305
3.0 0.112057 0.751078 0.224115 0.401375
3.0 0.246766 0.196294 0.266161 0.349264
3.0 0.459593 0.411326 0.235188 0.355435
3.0 0.625435 0.204282 0.139300 0.184388
3.0 0.710524 0.259536 0.245573 0.325771
3.0 0.901737 0.429163 0.133500 0.254963
3.0 0.726246 0.559159 0.246999 0.366448
3.0 0.887776 0.746354 0.168211 0.235544
3.0 0.870406 0.911858 0.165080 0.176283
3.0 0.706202 0.761442 0.137392 0.201153
3.0 0.593945 0.790221 0.145966 0.232214
3.0 0.560770 0.598695 0.144714 0.215217
3.0 0.566349 0.480364 0.152286 0.232680
3.0 0.595227 0.344081 0.147874 0.215450
3.0 0.621524 0.194316 0.140802 0.204785
3.0 0.474602 0.945969 0.258329 0.108062
3.0 0.577264 0.823232 0.253820 0.353536
3.0 0.244766 0.923494 0.276933 0.153013
