3 0.59609375 0.621875 0.25625 0.3640625
3 0.71875 0.39765625 0.253125 0.3515625
3 0.87578125 0.709375 0.23125 0.353125
3 0.684375 0.2125 0.2390625 0.3046875
3 0.490625 0.4234375 0.2078125 0.3125
3 0.3125 0.2453125 0.125 0.1609375
3 0.2328125 0.3015625 0.2203125 0.284375
3 0.05703125 0.46953125 0.1140625 0.2265625
3 0.2390625 0.5765625 0.21875 0.321875
3 0.09375 0.75859375 0.15 0.20625
3 0.1234375 0.91640625 0.15 0.1671875
3 0.2734375 0.76015625 0.121875 0.1765625
3 0.3859375 0.77890625 0.128125 0.2046875
3 0.4046875 0.6015625 0.128125 0.1890625
3 0.390625 0.49375 0.134375 0.2046875
3 0.35234375 0.37109375 0.13125 0.1890625
3 0.315625 0.2359375 0.125 0.1796875
3 0.51640625 0.9359375 0.2453125 0.128125
3 0.40546875 0.8171875 0.225 0.328125
3 0.74140625 0.90703125 0.259375 0.1828125