3.0 0.638339 0.630427 0.270869 0.350783
3.0 0.770250 0.427922 0.267201 0.339013
3.0 0.894650 0.725260 0.210700 0.339410
3.0 0.744485 0.254149 0.251121 0.294761
3.0 0.542589 0.440878 0.220448 0.300516
3.0 0.373783 0.266705 0.131379 0.155633
3.0 0.292123 0.315147 0.231588 0.274975
3.0 0.110008 0.462801 0.123484 0.216108
3.0 0.285904 0.571077 0.231730 0.309758
3.0 0.133405 0.733274 0.158247 0.198960
3.0 0.155750 0.881403 0.156483 0.162649
3.0 0.311739 0.743398 0.128982 0.170007
3.0 0.422588 0.766256 0.136458 0.196452
3.0 0.449217 0.602309 0.135752 0.181928
3.0 0.440126 0.501412 0.142663 0.196754
3.0 0.407659 0.385549 0.138855 0.182078
3.0 0.377309 0.258141 0.132226 0.173062
3.0 0.545031 0.918522 0.249350 0.130938
3.0 0.440251 0.802783 0.238218 0.315869
3.0 0.769731 0.902509 0.265783 0.182452
