3.0 0.395704 0.610236 0.309915 0.431187
3.0 0.329596 0.349399 0.304241 0.417267
3.0 0.131266 0.654645 0.262531 0.416364
3.0 0.400039 0.169914 0.282246 0.339827
3.0 0.533748 0.416826 0.255714 0.368857
3.0 0.734880 0.257595 0.147527 0.193351
3.0 0.797049 0.331567 0.260847 0.341314
3.0 0.923823 0.542758 0.152354 0.261446
3.0 0.733790 0.624215 0.266414 0.380657
3.0 0.829430 0.844341 0.180275 0.244792
3.0 0.767120 0.953128 0.173249 0.093743
3.0 0.663698 0.814579 0.148176 0.209391
3.0 0.556028 0.814458 0.160227 0.240561
3.0 0.575676 0.622140 0.156714 0.223916
3.0 0.611371 0.509708 0.165955 0.241770
3.0 0.672058 0.385165 0.159578 0.224520
3.0 0.734124 0.247004 0.151742 0.213325
3.0 0.402422 0.935482 0.251493 0.129035
3.0 0.530062 0.829091 0.273547 0.341819
3.0 0.202187 0.884822 0.274893 0.230357
