3.0 0.632955 0.644856 0.285420 0.372609
3.0 0.709674 0.420546 0.280727 0.360650
3.0 0.883634 0.684205 0.232733 0.358870
3.0 0.650894 0.255271 0.261021 0.315460
3.0 0.508176 0.477822 0.234062 0.318050
3.0 0.321040 0.340162 0.136726 0.166440
3.0 0.257756 0.403631 0.241088 0.294016
3.0 0.124755 0.584010 0.136744 0.225202
3.0 0.304721 0.655693 0.245318 0.328283
3.0 0.201264 0.844526 0.166044 0.211802
3.0 0.251713 0.948701 0.160172 0.102598
3.0 0.363265 0.819530 0.136261 0.180354
3.0 0.467364 0.820229 0.146116 0.207147
3.0 0.457585 0.654327 0.143767 0.192773
3.0 0.428719 0.557215 0.151742 0.208066
3.0 0.375818 0.450011 0.146580 0.193233
3.0 0.322444 0.331078 0.139544 0.183689
3.0 0.608426 0.934259 0.240106 0.131482
3.0 0.490702 0.842548 0.251884 0.314904
3.0 0.806640 0.885803 0.260987 0.206331
