3.0 0.441473 0.673582 0.319769 0.411047
3.0 0.273961 0.460680 0.314643 0.397560
3.0 0.155062 0.805673 0.291535 0.388655
3.0 0.281400 0.262282 0.294581 0.346871
3.0 0.522621 0.450292 0.262262 0.352098
3.0 0.685467 0.235864 0.153658 0.183892
3.0 0.780639 0.281057 0.271755 0.324595
3.0 0.960503 0.427585 0.078994 0.250946
3.0 0.817710 0.567988 0.273675 0.363236
3.0 0.954729 0.733724 0.090543 0.233141
3.0 0.952141 0.903476 0.095718 0.193049
3.0 0.810052 0.764757 0.152496 0.199727
3.0 0.691808 0.802304 0.163187 0.229958
3.0 0.643378 0.621410 0.160985 0.213668
3.0 0.641641 0.507190 0.169915 0.230868
3.0 0.662933 0.373270 0.164349 0.214123
3.0 0.680782 0.226545 0.156300 0.203440
3.0 0.576561 0.952920 0.280012 0.094160
3.0 0.677128 0.830213 0.281284 0.339574
3.0 0.330605 0.941142 0.300955 0.117716
