3.0 0.465420 0.589115 0.299413 0.397105
3.0 0.307865 0.385122 0.294472 0.384109
3.0 0.205944 0.722349 0.273446 0.384037
3.0 0.310747 0.194043 0.275176 0.335261
3.0 0.535282 0.373624 0.245874 0.340083
3.0 0.680106 0.166175 0.143596 0.177721
3.0 0.768121 0.209117 0.253947 0.313706
3.0 0.948677 0.348903 0.102647 0.242169
3.0 0.807736 0.485176 0.256488 0.350861
3.0 0.946559 0.643647 0.106883 0.225267
3.0 0.946069 0.810760 0.107862 0.193923
3.0 0.804621 0.674688 0.142864 0.192935
3.0 0.697124 0.711552 0.153213 0.222061
3.0 0.649210 0.537664 0.150875 0.206389
3.0 0.645359 0.427694 0.159354 0.222977
3.0 0.662199 0.298616 0.153946 0.206847
3.0 0.675632 0.157230 0.146402 0.196527
3.0 0.595318 0.891757 0.258200 0.161107
3.0 0.684547 0.753481 0.263564 0.358046
3.0 0.370270 0.894992 0.278432 0.210017
