3.0 0.600785 0.620274 0.277732 0.377797
3.0 0.727211 0.388191 0.274214 0.364921
3.0 0.886668 0.705308 0.226664 0.366155
3.0 0.687726 0.198833 0.258533 0.316598
3.0 0.485680 0.418493 0.225516 0.324084
3.0 0.293847 0.238777 0.135207 0.167207
3.0 0.210249 0.297827 0.238314 0.295444
3.0 0.044449 0.473105 0.088899 0.234343
3.0 0.221373 0.579825 0.237270 0.333886
3.0 0.075730 0.769014 0.151460 0.214113
3.0 0.104295 0.921690 0.161824 0.156619
3.0 0.260832 0.767580 0.132148 0.183183
3.0 0.380458 0.784913 0.139237 0.212140
3.0 0.397445 0.602672 0.138981 0.196111
3.0 0.380768 0.492312 0.145865 0.212246
3.0 0.338162 0.367134 0.142296 0.196164
3.0 0.297009 0.229107 0.135513 0.186441
3.0 0.521401 0.938003 0.262276 0.123994
3.0 0.401799 0.823853 0.244001 0.340403
3.0 0.759566 0.907191 0.278084 0.185618
