3.0 0.473989 0.613608 0.304846 0.426877
3.0 0.311801 0.398538 0.299460 0.412991
3.0 0.231657 0.760043 0.279588 0.412552
3.0 0.304481 0.194606 0.278530 0.360782
3.0 0.529751 0.382525 0.251108 0.365399
3.0 0.657979 0.158789 0.145500 0.191210
3.0 0.744833 0.203160 0.257281 0.337525
3.0 0.935445 0.348999 0.129111 0.259665
3.0 0.797482 0.497068 0.261733 0.377027
3.0 0.941547 0.663316 0.116906 0.242240
3.0 0.945902 0.841683 0.108196 0.208872
3.0 0.804495 0.699332 0.145648 0.207355
3.0 0.703132 0.740437 0.157035 0.238465
3.0 0.647903 0.555683 0.153960 0.221781
3.0 0.638396 0.438407 0.162888 0.239543
3.0 0.647763 0.300401 0.156887 0.222320
3.0 0.653208 0.149318 0.149189 0.211231
3.0 0.614807 0.923312 0.252875 0.153376
3.0 0.693258 0.785383 0.268816 0.384779
3.0 0.398861 0.913826 0.275035 0.172348
