3.0 0.592415 0.632538 0.337086 0.421023
3.0 0.766378 0.442121 0.330940 0.407960
3.0 0.837911 0.787292 0.310406 0.404125
3.0 0.780239 0.251561 0.305650 0.358401
3.0 0.541612 0.411454 0.277725 0.358410
3.0 0.416166 0.192505 0.160227 0.188996
3.0 0.325723 0.228261 0.282583 0.333817
3.0 0.115136 0.350303 0.166332 0.250858
3.0 0.262269 0.500284 0.290556 0.370318
3.0 0.087538 0.643641 0.175076 0.239705
3.0 0.079351 0.806156 0.158702 0.201284
3.0 0.248802 0.689308 0.161182 0.203597
3.0 0.351702 0.735380 0.174263 0.232796
3.0 0.414417 0.565551 0.170318 0.217427
3.0 0.428184 0.456053 0.180243 0.234331
3.0 0.422528 0.326008 0.173308 0.218195
3.0 0.421523 0.184051 0.164961 0.207439
3.0 0.436878 0.914371 0.267050 0.171258
3.0 0.360723 0.777830 0.298114 0.378000
3.0 0.659444 0.913473 0.294312 0.173053
