3.0 0.593750 0.623438 0.250000 0.359375
3.0 0.720313 0.401563 0.246875 0.346875
3.0 0.871875 0.715625 0.225000 0.350000
3.0 0.689062 0.215625 0.234375 0.300000
3.0 0.492188 0.423438 0.203125 0.309375
3.0 0.317187 0.242188 0.121875 0.159375
3.0 0.235937 0.296875 0.215625 0.281250
3.0 0.056250 0.462500 0.112500 0.225000
3.0 0.237500 0.571875 0.212500 0.318750
3.0 0.089063 0.751562 0.146875 0.203125
3.0 0.117188 0.914062 0.146875 0.171875
3.0 0.268750 0.756250 0.118750 0.175000
3.0 0.381250 0.776563 0.125000 0.203125
3.0 0.403125 0.600000 0.125000 0.187500
3.0 0.390625 0.492188 0.131250 0.203125
3.0 0.354688 0.368750 0.128125 0.187500
3.0 0.320312 0.232812 0.121875 0.178125
3.0 0.509375 0.937500 0.243750 0.125000
3.0 0.400000 0.815625 0.218750 0.325000
3.0 0.734375 0.910937 0.256250 0.178125
