3.0 0.445539 0.619684 0.232766 0.357415
3.0 0.327457 0.400616 0.229807 0.345015
3.0 0.189590 0.712585 0.209651 0.347987
3.0 0.355144 0.216249 0.217993 0.298510
3.0 0.537988 0.420988 0.189228 0.307619
3.0 0.698282 0.240449 0.113377 0.158569
3.0 0.773552 0.294160 0.200585 0.279830
3.0 0.940287 0.457206 0.105131 0.223523
3.0 0.773790 0.566582 0.197932 0.316959
3.0 0.911789 0.743736 0.136701 0.202049
3.0 0.886841 0.904867 0.136510 0.171093
3.0 0.746093 0.749400 0.110590 0.174029
3.0 0.642460 0.770161 0.116526 0.201925
3.0 0.621207 0.595384 0.116431 0.186447
3.0 0.632078 0.488514 0.122290 0.201960
3.0 0.664469 0.366034 0.119313 0.186464
3.0 0.695343 0.231180 0.113491 0.177142
3.0 0.525274 0.930313 0.225571 0.125209
3.0 0.625405 0.808963 0.203734 0.323186
3.0 0.317597 0.905279 0.237424 0.177906
