3.0 0.403906 0.621875 0.256250 0.364062
3.0 0.281250 0.397656 0.253125 0.351562
3.0 0.124219 0.709375 0.231250 0.353125
3.0 0.315625 0.212500 0.239063 0.304688
3.0 0.509375 0.423437 0.207812 0.312500
3.0 0.687500 0.245312 0.125000 0.160938
3.0 0.767188 0.301562 0.220313 0.284375
3.0 0.942969 0.469531 0.114062 0.226562
3.0 0.760938 0.576563 0.218750 0.321875
3.0 0.906250 0.758594 0.150000 0.206250
3.0 0.876563 0.916406 0.150000 0.167187
3.0 0.726562 0.760156 0.121875 0.176563
3.0 0.614062 0.778906 0.128125 0.204687
3.0 0.595313 0.601562 0.128125 0.189062
3.0 0.609375 0.493750 0.134375 0.204688
3.0 0.647656 0.371094 0.131250 0.189062
3.0 0.684375 0.235938 0.125000 0.179688
3.0 0.483594 0.935938 0.245313 0.128125
3.0 0.594531 0.817187 0.225000 0.328125
3.0 0.258594 0.907031 0.259375 0.182812
