7 0.32578125 0.24765625 0.1796875 0.321875
7 0.175 0.25234375 0.121875 0.2203125
7 0.63671875 0.36796875 0.240625 0.3421875
7 0.29609375 0.87265625 0.303125 0.2453125
7 0.10859375 0.8 0.2171875 0.346875
7 0.28515625 0.64453125 0.3390625 0.3140625
7 0.071875 0.62421875 0.14375 0.2984375
7 0.06171875 0.83046875 0.1234375 0.2703125
7 0.85703125 0.95859375 0.2109375 0.0828125
7 0.87265625 0.84609375 0.2203125 0.284375
7 0.6171875 0.9203125 0.284375 0.159375
7 0.63203125 0.7625 0.2921875 0.2609375
7 0.728125 0.6359375 0.38125 0.225