7.0 0.674219 0.247656 0.179688 0.321875
7.0 0.825000 0.252344 0.121875 0.220313
7.0 0.363281 0.367969 0.240625 0.342188
7.0 0.703906 0.872656 0.303125 0.245312
7.0 0.891406 0.800000 0.217188 0.346875
7.0 0.714844 0.644531 0.339062 0.314062
7.0 0.928125 0.624219 0.143750 0.298437
7.0 0.938281 0.830469 0.123438 0.270313
7.0 0.142969 0.958594 0.210938 0.082813
7.0 0.127344 0.846094 0.220312 0.284375
7.0 0.382812 0.920313 0.284375 0.159375
7.0 0.367969 0.762500 0.292188 0.260938
7.0 0.271875 0.635938 0.381250 0.225000
