3.0 0.327218 0.387616 0.236936 0.115729
3.0 0.361542 0.267435 0.244567 0.161074
3.0 0.766160 0.245575 0.409842 0.437535
3.0 0.280620 0.679292 0.561240 0.500083
3.0 0.611895 0.577403 0.119741 0.255073
3.0 0.658469 0.775394 0.229662 0.323890
3.0 0.788739 0.689802 0.260689 0.437692
3.0 0.793657 0.555833 0.198325 0.201626
3.0 0.908923 0.553004 0.093255 0.183685
3.0 0.910290 0.678731 0.090521 0.434262
3.0 0.881052 0.864055 0.125183 0.159508
3.0 0.607938 0.807430 0.128600 0.252581
3.0 0.618409 0.725912 0.149541 0.416712
3.0 0.613079 0.585919 0.123350 0.272105
3.0 0.601552 0.533248 0.092634 0.166763
3.0 0.623697 0.541122 0.137960 0.182510
3.0 0.633945 0.547146 0.159284 0.194559
3.0 0.633280 0.524528 0.154641 0.149323
