3.0 0.307958 0.410409 0.240242 0.119177
3.0 0.339747 0.289300 0.248725 0.165795
3.0 0.736281 0.257477 0.402715 0.443515
3.0 0.277183 0.701430 0.554367 0.506332
3.0 0.596906 0.592180 0.125120 0.255989
3.0 0.646691 0.784057 0.237062 0.317510
3.0 0.776537 0.700261 0.271148 0.442074
3.0 0.778128 0.566426 0.203220 0.204209
3.0 0.893200 0.560414 0.096678 0.185017
3.0 0.896660 0.685689 0.100608 0.435568
3.0 0.871339 0.863700 0.128725 0.146312
3.0 0.598058 0.818208 0.133940 0.249144
3.0 0.606774 0.737034 0.158381 0.411491
3.0 0.598584 0.600594 0.130002 0.274387
3.0 0.585493 0.548765 0.096313 0.168124
3.0 0.608092 0.556023 0.141511 0.184581
3.0 0.618682 0.561427 0.164186 0.196328
3.0 0.617447 0.538919 0.157229 0.151150
