3.0 0.673169 0.381373 0.256791 0.160615
3.0 0.616317 0.263133 0.272806 0.208309
3.0 0.224583 0.312684 0.449166 0.520325
3.0 0.724583 0.673287 0.550834 0.614520
3.0 0.421847 0.628544 0.166356 0.282021
3.0 0.411711 0.827869 0.288303 0.344262
3.0 0.264704 0.764747 0.340286 0.470506
3.0 0.234891 0.638645 0.234438 0.241470
3.0 0.118345 0.656278 0.126774 0.204348
3.0 0.140301 0.778344 0.170687 0.443311
3.0 0.204123 0.940252 0.153976 0.119497
3.0 0.468518 0.862670 0.174688 0.274660
3.0 0.442851 0.778568 0.226022 0.442865
3.0 0.422236 0.637567 0.173109 0.300068
3.0 0.424064 0.581007 0.123009 0.186948
3.0 0.403235 0.593105 0.170943 0.211143
3.0 0.394038 0.601167 0.194359 0.227267
3.0 0.390510 0.577643 0.181330 0.180220
