3.0 0.370482 0.437026 0.261047 0.135831
3.0 0.416503 0.320042 0.272687 0.181498
3.0 0.807974 0.333992 0.384052 0.470446
3.0 0.307974 0.723397 0.615948 0.547522
3.0 0.660244 0.651734 0.147198 0.263691
3.0 0.694715 0.841361 0.269480 0.317279
3.0 0.840671 0.775467 0.311327 0.449067
3.0 0.856310 0.646267 0.226645 0.217631
3.0 0.961535 0.653635 0.076930 0.190515
3.0 0.953256 0.779315 0.093488 0.438884
3.0 0.925901 0.938563 0.145563 0.122874
3.0 0.638189 0.875050 0.156428 0.249899
3.0 0.655703 0.793634 0.191456 0.412732
3.0 0.660849 0.660343 0.152360 0.280909
3.0 0.652602 0.606723 0.111501 0.173670
3.0 0.675676 0.616545 0.160942 0.193312
3.0 0.686170 0.623468 0.184564 0.207158
3.0 0.687211 0.600821 0.176109 0.161865
