3.0 0.656250 0.403906 0.248438 0.126563
3.0 0.620313 0.270312 0.256250 0.178125
3.0 0.205469 0.244531 0.410938 0.482812
3.0 0.705469 0.725781 0.589063 0.548437
3.0 0.358594 0.612500 0.125000 0.281250
3.0 0.310938 0.826563 0.240625 0.346875
3.0 0.173437 0.736719 0.273438 0.484375
3.0 0.168750 0.588281 0.207813 0.221875
3.0 0.048437 0.584375 0.096875 0.203125
3.0 0.047656 0.723437 0.095312 0.481250
3.0 0.078125 0.920313 0.131250 0.159375
3.0 0.362500 0.863281 0.134375 0.273438
3.0 0.351562 0.773438 0.156250 0.453125
3.0 0.357031 0.621875 0.129688 0.301562
3.0 0.369531 0.564062 0.096875 0.184375
3.0 0.346094 0.572656 0.143750 0.201563
3.0 0.335156 0.578906 0.167187 0.214062
3.0 0.335938 0.553906 0.160938 0.164062
