3.0 0.715382 0.401568 0.258665 0.189225
3.0 0.717219 0.252021 0.279095 0.245601
3.0 0.346574 0.217047 0.498523 0.434095
3.0 0.669112 0.698833 0.661776 0.602334
3.0 0.390754 0.556611 0.186370 0.325779
3.0 0.292092 0.772895 0.308492 0.420969
3.0 0.190250 0.647188 0.373868 0.573963
3.0 0.224346 0.488841 0.246346 0.281222
3.0 0.115929 0.458018 0.140601 0.236748
3.0 0.092404 0.605217 0.184808 0.531146
3.0 0.068199 0.820613 0.136398 0.198007
3.0 0.329500 0.823244 0.192878 0.319579
3.0 0.342770 0.725606 0.259208 0.514855
3.0 0.386910 0.566199 0.195882 0.348345
3.0 0.413219 0.507705 0.135755 0.216878
3.0 0.389681 0.511614 0.182831 0.245488
3.0 0.378118 0.515812 0.207378 0.263933
3.0 0.385289 0.489491 0.188772 0.209559
