3.0 0.381720 0.434573 0.247140 0.128715
3.0 0.414282 0.303497 0.255910 0.179178
3.0 0.807359 0.269567 0.385281 0.479661
3.0 0.340039 0.737933 0.591196 0.524134
3.0 0.679017 0.631745 0.128912 0.276993
3.0 0.730406 0.833909 0.244074 0.332183
3.0 0.862104 0.748996 0.275792 0.478275
3.0 0.865331 0.604102 0.209161 0.220828
3.0 0.966925 0.597745 0.066151 0.200190
3.0 0.967693 0.733378 0.064613 0.471456
3.0 0.947614 0.923472 0.104772 0.153055
3.0 0.680435 0.870834 0.137974 0.258331
3.0 0.689313 0.782964 0.163272 0.434072
3.0 0.680751 0.640857 0.133952 0.296906
3.0 0.667237 0.584728 0.099202 0.181900
3.0 0.690482 0.592615 0.145692 0.199658
3.0 0.701376 0.598480 0.169019 0.212348
3.0 0.700083 0.574110 0.161819 0.163443
