3.0 0.343750 0.403906 0.248438 0.126563
3.0 0.379687 0.270312 0.256250 0.178125
3.0 0.794531 0.244531 0.410938 0.482812
3.0 0.294531 0.725781 0.589063 0.548437
3.0 0.641406 0.612500 0.125000 0.281250
3.0 0.689062 0.826563 0.240625 0.346875
3.0 0.826563 0.736719 0.273438 0.484375
3.0 0.831250 0.588281 0.207813 0.221875
3.0 0.951563 0.584375 0.096875 0.203125
3.0 0.952344 0.723437 0.095312 0.481250
3.0 0.921875 0.920313 0.131250 0.159375
3.0 0.637500 0.863281 0.134375 0.273438
3.0 0.648438 0.773438 0.156250 0.453125
3.0 0.642969 0.621875 0.129688 0.301562
3.0 0.630469 0.564062 0.096875 0.184375
3.0 0.653906 0.572656 0.143750 0.201563
3.0 0.664844 0.578906 0.167187 0.214062
3.0 0.664062 0.553906 0.160938 0.164062
