3.0 0.613649 0.346796 0.254230 0.138701
3.0 0.575910 0.202341 0.262776 0.193179
3.0 0.181958 0.219009 0.363917 0.438018
3.0 0.675587 0.697345 0.623340 0.600037
3.0 0.310840 0.574396 0.130173 0.306326
3.0 0.262733 0.808898 0.248247 0.382205
3.0 0.131940 0.709177 0.263880 0.525556
3.0 0.116276 0.548199 0.213702 0.241980
3.0 0.021805 0.544622 0.043610 0.220584
3.0 0.021423 0.695687 0.042845 0.521697
3.0 0.046522 0.911334 0.093043 0.177333
3.0 0.317047 0.849566 0.139619 0.300869
3.0 0.305149 0.751285 0.163414 0.497431
3.0 0.309648 0.584627 0.134177 0.326787
3.0 0.321523 0.521358 0.100441 0.200250
3.0 0.297908 0.530784 0.149020 0.219102
3.0 0.287000 0.538007 0.171915 0.233548
3.0 0.287517 0.510831 0.166563 0.179197
