3.0 0.294748 0.470562 0.254973 0.162482
3.0 0.306729 0.335055 0.270792 0.213819
3.0 0.693615 0.255616 0.466579 0.511232
3.0 0.311873 0.738918 0.623747 0.522164
3.0 0.609572 0.625864 0.163955 0.293128
3.0 0.689594 0.819305 0.283724 0.361389
3.0 0.804500 0.717090 0.337200 0.514083
3.0 0.784586 0.572133 0.232297 0.248617
3.0 0.897375 0.549199 0.124632 0.212753
3.0 0.918266 0.684177 0.163468 0.482710
3.0 0.924457 0.880294 0.149869 0.175717
3.0 0.647001 0.863306 0.171513 0.273388
3.0 0.642584 0.774280 0.221594 0.451440
3.0 0.612582 0.634723 0.171705 0.313608
3.0 0.591320 0.580545 0.121558 0.194537
3.0 0.614825 0.585166 0.168569 0.218692
3.0 0.626162 0.589498 0.192715 0.234565
3.0 0.621327 0.565334 0.178626 0.184994
