3.0 0.633325 0.416203 0.258383 0.140453
3.0 0.600623 0.274735 0.267973 0.194873
3.0 0.197184 0.247525 0.394368 0.495051
3.0 0.673840 0.729464 0.620286 0.541073
3.0 0.322000 0.626483 0.136698 0.299308
3.0 0.266597 0.832068 0.257159 0.335863
3.0 0.138006 0.746429 0.276012 0.507141
3.0 0.128277 0.595338 0.219701 0.239396
3.0 0.028948 0.587625 0.057896 0.216365
3.0 0.028148 0.733739 0.056296 0.508593
3.0 0.047452 0.927917 0.094904 0.144166
3.0 0.318286 0.872225 0.146061 0.255550
3.0 0.309846 0.777482 0.173998 0.445035
3.0 0.320111 0.636288 0.142125 0.320795
3.0 0.334695 0.575909 0.104908 0.196661
3.0 0.310422 0.584237 0.153453 0.216129
3.0 0.299025 0.590477 0.177846 0.229968
3.0 0.300595 0.564228 0.169906 0.177236
