3.0 0.663028 0.398915 0.266612 0.177029
3.0 0.653565 0.252375 0.284113 0.232509
3.0 0.253803 0.220627 0.493394 0.441254
3.0 0.649375 0.702598 0.679738 0.594804
3.0 0.332684 0.564689 0.175830 0.317298
3.0 0.245180 0.780745 0.301201 0.406740
3.0 0.154016 0.662001 0.308033 0.556821
3.0 0.152122 0.505458 0.245242 0.269771
3.0 0.051106 0.479923 0.102211 0.230335
3.0 0.050343 0.625657 0.100687 0.521805
3.0 0.039693 0.837604 0.079386 0.190567
3.0 0.288447 0.828450 0.183478 0.310774
3.0 0.294990 0.732257 0.239246 0.503160
3.0 0.329364 0.574245 0.184294 0.339441
3.0 0.352635 0.515828 0.129832 0.210667
3.0 0.328124 0.520667 0.178854 0.237049
3.0 0.316256 0.525274 0.204113 0.254337
3.0 0.321808 0.499189 0.188436 0.200774
