3.0 0.691765 0.396132 0.285282 0.173767
3.0 0.677822 0.255734 0.302813 0.226804
3.0 0.252321 0.215754 0.504643 0.431508
3.0 0.662663 0.698570 0.674674 0.602859
3.0 0.339719 0.548093 0.182675 0.304954
3.0 0.250857 0.753050 0.316657 0.392547
3.0 0.154878 0.637084 0.309757 0.536256
3.0 0.143473 0.487787 0.259500 0.261336
3.0 0.043248 0.461009 0.086497 0.221499
3.0 0.042423 0.599893 0.084846 0.499268
3.0 0.035833 0.802519 0.071665 0.184293
3.0 0.298736 0.799563 0.191176 0.298926
3.0 0.303340 0.707659 0.246612 0.482734
3.0 0.336381 0.557169 0.191282 0.326154
3.0 0.359989 0.501745 0.135530 0.202753
3.0 0.333678 0.505881 0.188153 0.228848
3.0 0.320996 0.510050 0.215167 0.245801
3.0 0.326319 0.485204 0.199569 0.194624
