3.0 0.380023 0.427338 0.251633 0.163986
3.0 0.385514 0.281153 0.266487 0.217515
3.0 0.770053 0.224980 0.459894 0.449960
3.0 0.393875 0.724980 0.650345 0.550040
3.0 0.703511 0.586731 0.159052 0.310773
3.0 0.795540 0.801813 0.278245 0.396375
3.0 0.869789 0.679390 0.260422 0.540222
3.0 0.876614 0.523464 0.227617 0.258704
3.0 0.964104 0.495886 0.071791 0.224681
3.0 0.970012 0.640958 0.059977 0.514825
3.0 0.980013 0.861387 0.039974 0.200672
3.0 0.753516 0.849506 0.167354 0.300987
3.0 0.744683 0.753051 0.214555 0.493897
3.0 0.706665 0.596327 0.165361 0.330972
3.0 0.683029 0.537862 0.118088 0.204985
3.0 0.706579 0.542295 0.165189 0.228946
3.0 0.718035 0.547099 0.188101 0.245598
3.0 0.712085 0.521090 0.176200 0.192573
