3.0 0.333077 0.440200 0.249453 0.129603
3.0 0.357062 0.306852 0.258359 0.178929
3.0 0.775649 0.244095 0.436465 0.481682
3.0 0.305435 0.742468 0.610870 0.515065
3.0 0.647566 0.618029 0.130186 0.278771
3.0 0.715276 0.825046 0.246230 0.349907
3.0 0.842392 0.722550 0.280962 0.479302
3.0 0.834458 0.577126 0.210997 0.222131
3.0 0.951748 0.562925 0.096503 0.200872
3.0 0.957982 0.698824 0.084036 0.472671
3.0 0.944211 0.902163 0.111578 0.175188
3.0 0.665855 0.864591 0.139369 0.270818
3.0 0.668803 0.775380 0.164641 0.449239
3.0 0.649625 0.627129 0.134305 0.297311
3.0 0.632510 0.571255 0.100074 0.182502
3.0 0.656303 0.577634 0.147660 0.200361
3.0 0.667546 0.583162 0.170145 0.213798
3.0 0.664651 0.558754 0.164356 0.164642
