3.0 0.675897 0.411638 0.249985 0.167033
3.0 0.679233 0.279087 0.267501 0.215113
3.0 0.304790 0.205014 0.486391 0.410027
3.0 0.641696 0.705014 0.660485 0.589973
3.0 0.351589 0.526390 0.171044 0.286110
3.0 0.249011 0.715983 0.290459 0.379122
3.0 0.162287 0.592049 0.324573 0.502207
3.0 0.186869 0.453596 0.233071 0.247292
3.0 0.079191 0.418534 0.129806 0.207469
3.0 0.066358 0.546800 0.132715 0.464001
3.0 0.045192 0.744588 0.090384 0.189171
3.0 0.287080 0.762864 0.178839 0.285360
3.0 0.301404 0.676531 0.235935 0.458025
3.0 0.347950 0.534774 0.178324 0.304320
3.0 0.374426 0.484096 0.125371 0.189980
3.0 0.351242 0.485972 0.171740 0.215375
3.0 0.339807 0.489277 0.194610 0.232084
3.0 0.347142 0.466319 0.179939 0.184726
