3 0.340625 0.409375 0.24375 0.11875
3 0.371875 0.275 0.25 0.16875
3 0.79375 0.234375 0.4125 0.46875
3 0.29375 0.734375 0.5875 0.53125
3 0.6453125 0.6078125 0.115625 0.278125
3 0.7015625 0.825 0.228125 0.35
3 0.834375 0.725 0.25625 0.475
3 0.834375 0.5765625 0.2 0.215625
3 0.9546875 0.56875 0.090625 0.2
3 0.9609375 0.7078125 0.078125 0.478125
3 0.9375 0.9140625 0.125 0.171875
3 0.65 0.8625 0.125 0.275
3 0.6578125 0.771875 0.140625 0.45625
3 0.646875 0.6171875 0.11875 0.296875
3 0.6328125 0.559375 0.090625 0.18125
3 0.65625 0.5671875 0.1375 0.196875
3 0.6671875 0.5734375 0.159375 0.209375
3 0.665625 0.5484375 0.15625 0.159375