7.0 0.533310 0.297134 0.262957 0.311054
7.0 0.720882 0.331238 0.140022 0.148069
7.0 0.781895 0.486934 0.214773 0.264233
7.0 0.669694 0.611388 0.141326 0.183857
7.0 0.644477 0.465565 0.145744 0.173141
7.0 0.380603 0.386612 0.171687 0.225367
7.0 0.508706 0.553324 0.223194 0.275417
7.0 0.364931 0.618198 0.159603 0.201617
7.0 0.245918 0.466619 0.204577 0.248321
7.0 0.141227 0.296866 0.174443 0.213036
7.0 0.277655 0.279246 0.177482 0.208485
7.0 0.099614 0.512704 0.146254 0.187145
7.0 0.210319 0.671770 0.206125 0.246824
