7.0 0.550781 0.330469 0.245312 0.303125
7.0 0.734375 0.357812 0.131250 0.143750
7.0 0.799219 0.511719 0.200000 0.257812
7.0 0.694531 0.640625 0.131250 0.179688
7.0 0.664844 0.495313 0.135938 0.168750
7.0 0.405469 0.425781 0.159375 0.220312
7.0 0.535937 0.588281 0.207812 0.268750
7.0 0.398438 0.658594 0.148438 0.196875
7.0 0.277344 0.510938 0.190625 0.242188
7.0 0.169531 0.344531 0.162500 0.207812
7.0 0.301562 0.321875 0.165625 0.203125
7.0 0.136719 0.562500 0.135937 0.182812
7.0 0.250000 0.717969 0.192188 0.240625
