3.0 0.454639 0.517670 0.179182 0.232881
3.0 0.605924 0.611641 0.167661 0.289218
3.0 0.171759 0.466939 0.149611 0.135004
3.0 0.680782 0.891292 0.115032 0.136214
3.0 0.811719 0.910779 0.186635 0.144315
3.0 0.971192 0.862948 0.057616 0.135923
3.0 0.970499 0.744939 0.059001 0.138732
3.0 0.593301 0.540908 0.142415 0.151107
3.0 0.617620 0.661995 0.155441 0.236609
3.0 0.710074 0.620717 0.149559 0.226000
3.0 0.751768 0.780542 0.152928 0.149283
3.0 0.928743 0.583545 0.142515 0.245482
3.0 0.871280 0.737732 0.192076 0.185395
3.0 0.833393 0.551675 0.147881 0.189349
3.0 0.224775 0.560766 0.220987 0.233348
3.0 0.161732 0.646700 0.111420 0.135375
3.0 0.073202 0.387283 0.146405 0.195704
3.0 0.088606 0.541702 0.137795 0.204781
3.0 0.613163 0.442826 0.139099 0.136828
3.0 0.235339 0.216124 0.144724 0.219900
3.0 0.086151 0.181124 0.172303 0.146226
