3.0 0.507919 0.494868 0.221038 0.244535
3.0 0.414037 0.651697 0.213420 0.298416
3.0 0.756049 0.303377 0.180376 0.148140
3.0 0.498514 0.917292 0.142172 0.144520
3.0 0.378606 0.960931 0.217241 0.078139
3.0 0.147798 0.999807 0.171325 0.000386
3.0 0.100433 0.948155 0.154248 0.103690
3.0 0.385969 0.587341 0.173978 0.161737
3.0 0.430389 0.698155 0.194911 0.245404
3.0 0.316960 0.713940 0.187063 0.235697
3.0 0.366838 0.865924 0.185469 0.161816
3.0 0.087583 0.809266 0.175166 0.257104
3.0 0.226197 0.894294 0.233360 0.201389
3.0 0.157729 0.723828 0.182190 0.198938
3.0 0.757075 0.407227 0.269454 0.250953
3.0 0.867212 0.443496 0.137163 0.143856
3.0 0.812384 0.183695 0.192987 0.206148
3.0 0.879610 0.319165 0.172647 0.213563
3.0 0.310624 0.518780 0.168884 0.148061
3.0 0.552113 0.142642 0.178936 0.211507
3.0 0.684708 0.059979 0.207054 0.089563
