3.0 0.482569 0.441143 0.137831 0.193711
3.0 0.609223 0.553912 0.112884 0.251963
3.0 0.220438 0.342769 0.128493 0.102801
3.0 0.624688 0.819555 0.091483 0.111181
3.0 0.746829 0.861495 0.165725 0.104347
3.0 0.945093 0.856818 0.109815 0.103527
3.0 0.957143 0.748053 0.085714 0.111427
3.0 0.611389 0.487898 0.117216 0.120263
3.0 0.610291 0.601412 0.111768 0.202337
3.0 0.707677 0.581489 0.107912 0.193038
3.0 0.715468 0.733106 0.128796 0.116271
3.0 0.938063 0.591834 0.123874 0.207017
3.0 0.839220 0.716846 0.162240 0.143950
3.0 0.840406 0.542329 0.114396 0.157046
3.0 0.252494 0.437096 0.182138 0.185496
3.0 0.174387 0.502690 0.087835 0.111099
3.0 0.136619 0.251735 0.122519 0.161480
3.0 0.125229 0.394562 0.100200 0.174441
3.0 0.650373 0.403322 0.116913 0.106792
3.0 0.332445 0.128876 0.104151 0.187994
3.0 0.192376 0.068897 0.157778 0.107711
