3.0 0.456380 0.499853 0.227490 0.253408
3.0 0.591862 0.629522 0.220427 0.308735
3.0 0.160083 0.378493 0.185000 0.153936
3.0 0.582633 0.916547 0.146163 0.149868
3.0 0.717642 0.942409 0.222042 0.115182
3.0 0.935599 0.934632 0.128802 0.070939
3.0 0.954232 0.859432 0.091537 0.154594
3.0 0.601548 0.557870 0.178673 0.167857
3.0 0.588704 0.680165 0.200972 0.254066
3.0 0.704273 0.664422 0.192882 0.244015
3.0 0.697484 0.829094 0.190342 0.168042
3.0 0.932130 0.689620 0.135740 0.266301
3.0 0.843216 0.818306 0.239463 0.209160
3.0 0.863108 0.630141 0.187475 0.206178
3.0 0.187849 0.481858 0.276731 0.260445
3.0 0.089929 0.548359 0.141069 0.149140
3.0 0.085482 0.275297 0.170963 0.213688
3.0 0.066157 0.428382 0.132314 0.221128
3.0 0.656414 0.468951 0.173330 0.153751
3.0 0.315471 0.162472 0.184328 0.219071
3.0 0.162585 0.117140 0.211357 0.093953
