3.0 0.596407 0.408616 0.199776 0.260279
3.0 0.498962 0.576466 0.189491 0.322702
3.0 0.842206 0.215277 0.165831 0.153492
3.0 0.565221 0.881898 0.129193 0.152785
3.0 0.447994 0.942208 0.203078 0.114394
3.0 0.225942 0.975358 0.161504 0.049284
3.0 0.184242 0.907351 0.140592 0.156842
3.0 0.475688 0.501797 0.158920 0.169648
3.0 0.512049 0.630029 0.174538 0.263629
3.0 0.403464 0.637882 0.167501 0.253213
3.0 0.442841 0.812796 0.169995 0.168703
3.0 0.160303 0.723069 0.195953 0.274974
3.0 0.307743 0.832406 0.214011 0.209732
3.0 0.251681 0.635133 0.164808 0.211534
3.0 0.837710 0.331920 0.246107 0.263272
3.0 0.939112 0.382204 0.121775 0.152476
3.0 0.902026 0.097632 0.174824 0.195264
3.0 0.940674 0.243741 0.118653 0.229150
3.0 0.407726 0.418296 0.154755 0.154437
3.0 0.656943 0.065129 0.160984 0.130259
