3.0 0.565042 0.439443 0.224192 0.245847
3.0 0.473702 0.596920 0.217513 0.298956
3.0 0.810075 0.244731 0.182086 0.149811
3.0 0.562495 0.859184 0.143986 0.145513
3.0 0.443604 0.923966 0.218265 0.119645
3.0 0.213646 0.972941 0.171717 0.054118
3.0 0.165263 0.919588 0.156086 0.150179
3.0 0.444587 0.533510 0.175944 0.163129
3.0 0.490809 0.642767 0.198193 0.246214
3.0 0.377630 0.660510 0.190216 0.236472
3.0 0.429979 0.810559 0.187387 0.163424
3.0 0.128480 0.759753 0.221163 0.258209
3.0 0.289791 0.841297 0.235735 0.203437
3.0 0.218552 0.673229 0.184746 0.200051
3.0 0.812787 0.347860 0.272506 0.253104
3.0 0.923519 0.381880 0.138988 0.144763
3.0 0.864470 0.124832 0.195617 0.207380
3.0 0.923077 0.258163 0.153847 0.214325
3.0 0.368126 0.466784 0.170642 0.149517
3.0 0.603520 0.097500 0.181717 0.194999
3.0 0.734779 0.025243 0.207663 0.050487
