3.0 0.413322 0.484867 0.196654 0.262534
3.0 0.490288 0.653600 0.191647 0.322364
3.0 0.203783 0.283376 0.159017 0.157409
3.0 0.409873 0.935126 0.126126 0.129747
3.0 0.511942 0.975925 0.189768 0.048150
3.0 0.753004 0.956567 0.136618 0.086867
3.0 0.516351 0.582097 0.153912 0.172664
3.0 0.474858 0.705086 0.174255 0.264415
3.0 0.572615 0.718537 0.167244 0.253961
3.0 0.525268 0.886843 0.163777 0.172347
3.0 0.787006 0.814520 0.194219 0.276543
3.0 0.646236 0.902981 0.206003 0.194038
3.0 0.710182 0.723967 0.162017 0.213498
3.0 0.200045 0.397255 0.238390 0.267926
3.0 0.103710 0.440757 0.121808 0.154194
3.0 0.158300 0.154088 0.171488 0.221088
3.0 0.096389 0.304881 0.154243 0.230000
3.0 0.583455 0.504377 0.149152 0.157726
3.0 0.384730 0.106997 0.159582 0.213995
3.0 0.272218 0.029993 0.180248 0.059987
