3.0 0.592995 0.462240 0.181766 0.231304
3.0 0.485472 0.599128 0.172124 0.286807
3.0 0.837999 0.319777 0.151115 0.136381
3.0 0.510768 0.875966 0.117604 0.135771
3.0 0.397555 0.915786 0.185333 0.101601
3.0 0.191630 0.925282 0.147500 0.054953
3.0 0.162273 0.855011 0.128016 0.139372
3.0 0.472870 0.530643 0.144733 0.150748
3.0 0.491239 0.647844 0.158667 0.234295
3.0 0.391844 0.642399 0.152269 0.225038
3.0 0.407629 0.801100 0.154868 0.149903
3.0 0.161559 0.689808 0.178214 0.244370
3.0 0.282844 0.803002 0.194976 0.186358
3.0 0.254472 0.622686 0.149962 0.187984
3.0 0.820628 0.422105 0.224135 0.233942
3.0 0.908072 0.478138 0.113221 0.135498
3.0 0.907013 0.212481 0.159097 0.194458
3.0 0.935051 0.358148 0.129899 0.203651
3.0 0.420736 0.449282 0.140980 0.137226
3.0 0.692524 0.123986 0.146410 0.201050
3.0 0.819993 0.067199 0.177828 0.074559
