3 0.43671875 0.475 0.14296875 0.21015625
3 0.56953125 0.60234375 0.11484375 0.275
3 0.15859375 0.36015625 0.13515625 0.11015625
3 0.5796875 0.8953125 0.0953125 0.1203125
3 0.709375 0.94453125 0.175 0.1109375
3 0.93203125 0.94453125 0.1359375 0.1109375
3 0.94609375 0.825 0.10703125 0.1203125
3 0.5734375 0.5296875 0.12265625 0.1296875
3 0.56953125 0.6546875 0.11484375 0.2203125
3 0.67421875 0.63515625 0.1109375 0.21015625
3 0.67890625 0.80234375 0.13515625 0.125
3 0.92421875 0.65234375 0.13515625 0.225
3 0.81171875 0.7875 0.1703125 0.1546875
3 0.8171875 0.5953125 0.11875 0.1703125
3 0.190625 0.46484375 0.190625 0.2
3 0.10546875 0.53515625 0.09140625 0.1203125
3 0.07109375 0.2578125 0.12734375 0.175
3 0.05546875 0.41484375 0.103125 0.18984375
3 0.6171875 0.4375 0.12265625 0.11484375
3 0.28359375 0.12734375 0.10703125 0.2046875
3 0.13515625 0.0578125 0.16640625 0.11484375