3.0 0.472351 0.412692 0.211815 0.249125
3.0 0.538490 0.571823 0.210946 0.300494
3.0 0.275322 0.210326 0.167542 0.153829
3.0 0.438444 0.826609 0.134922 0.147955
3.0 0.536599 0.895525 0.195436 0.126090
3.0 0.732340 0.961370 0.151577 0.075662
3.0 0.779827 0.903030 0.145579 0.153031
3.0 0.569351 0.510545 0.163545 0.166511
3.0 0.519618 0.616295 0.189851 0.248327
3.0 0.616838 0.638594 0.182225 0.238496
3.0 0.558249 0.784299 0.173253 0.167306
3.0 0.825678 0.747015 0.210365 0.261016
3.0 0.677916 0.820556 0.217761 0.208380
3.0 0.754538 0.657889 0.174317 0.202821
3.0 0.264079 0.311882 0.253344 0.258331
3.0 0.164538 0.340719 0.130626 0.147003
3.0 0.238183 0.097514 0.184175 0.195028
3.0 0.166130 0.218310 0.167772 0.216296
3.0 0.641806 0.448008 0.157835 0.153034
3.0 0.468963 0.086359 0.172868 0.172719
3.0 0.361715 0.013017 0.184014 0.026033
