3.0 0.448110 0.454741 0.230063 0.259550
3.0 0.585833 0.577229 0.226810 0.313431
3.0 0.156498 0.348096 0.183883 0.159966
3.0 0.593932 0.862937 0.147019 0.154072
3.0 0.725273 0.885744 0.216848 0.130647
3.0 0.935672 0.863181 0.128657 0.078117
3.0 0.949979 0.787068 0.100041 0.159308
3.0 0.590898 0.505558 0.178775 0.173300
3.0 0.585793 0.627712 0.205103 0.258892
3.0 0.695808 0.606615 0.196858 0.248643
3.0 0.699020 0.770601 0.189787 0.174055
3.0 0.922310 0.618824 0.155380 0.272032
3.0 0.838284 0.753007 0.238627 0.216769
3.0 0.846261 0.565052 0.189432 0.211293
3.0 0.189261 0.449520 0.276918 0.268866
3.0 0.099189 0.520233 0.142172 0.153108
3.0 0.082855 0.249698 0.165711 0.219196
3.0 0.069030 0.403186 0.138059 0.225478
3.0 0.638314 0.414594 0.172870 0.159212
3.0 0.292904 0.126064 0.187259 0.223775
3.0 0.143458 0.088220 0.205039 0.102470
