3.0 0.442969 0.463281 0.179688 0.232812
3.0 0.548438 0.614063 0.165625 0.292188
3.0 0.191406 0.297656 0.153125 0.134375
3.0 0.503125 0.903125 0.117188 0.135937
3.0 0.621094 0.952344 0.192188 0.095312
3.0 0.839844 0.975781 0.154688 0.048437
3.0 0.875781 0.903906 0.128125 0.139063
3.0 0.566406 0.542969 0.145313 0.150000
3.0 0.539062 0.664844 0.154688 0.237500
3.0 0.645312 0.665625 0.148438 0.228125
3.0 0.617969 0.831250 0.156250 0.148438
3.0 0.887500 0.730469 0.175000 0.246875
3.0 0.750781 0.841406 0.196875 0.184375
3.0 0.792969 0.653906 0.148438 0.189062
3.0 0.203125 0.406250 0.225000 0.232813
3.0 0.106250 0.459375 0.112500 0.135938
3.0 0.125000 0.180469 0.157812 0.195312
3.0 0.079687 0.331250 0.137500 0.206250
3.0 0.627344 0.460937 0.142188 0.135937
3.0 0.359375 0.101562 0.143750 0.203125
3.0 0.227344 0.033594 0.185938 0.067188
