3.0 0.508999 0.485938 0.181117 0.220778
3.0 0.415686 0.630931 0.170157 0.271359
3.0 0.739678 0.316729 0.150656 0.130345
3.0 0.474350 0.892780 0.116147 0.129662
3.0 0.365780 0.948745 0.187707 0.102510
3.0 0.159747 0.978147 0.151561 0.043705
3.0 0.118966 0.919494 0.126991 0.132508
3.0 0.395192 0.567553 0.143627 0.144602
3.0 0.427847 0.677274 0.157452 0.222941
3.0 0.326438 0.685401 0.151478 0.213000
3.0 0.360941 0.834560 0.154105 0.143487
3.0 0.099096 0.761320 0.177337 0.232023
3.0 0.234596 0.853666 0.193533 0.178307
3.0 0.184887 0.684839 0.149450 0.179621
3.0 0.734359 0.417193 0.222856 0.223357
3.0 0.829492 0.458768 0.112532 0.128714
3.0 0.796869 0.204873 0.158492 0.185858
3.0 0.847808 0.340108 0.139529 0.193120
3.0 0.333292 0.496557 0.140179 0.131460
3.0 0.569924 0.140958 0.146593 0.207210
3.0 0.691126 0.057199 0.180662 0.114397
