3.0 0.558188 0.505830 0.178581 0.247377
3.0 0.457838 0.664203 0.165026 0.310448
3.0 0.799184 0.333941 0.150836 0.140718
3.0 0.507714 0.951150 0.115032 0.097700
3.0 0.394460 0.987756 0.188863 0.024488
3.0 0.145193 0.947241 0.126170 0.105517
3.0 0.439362 0.588467 0.142925 0.158976
3.0 0.468474 0.719282 0.153914 0.252903
3.0 0.365009 0.717943 0.148138 0.241499
3.0 0.394526 0.894728 0.153853 0.156337
3.0 0.130900 0.781910 0.174172 0.261563
3.0 0.265284 0.903234 0.193298 0.193531
3.0 0.221035 0.702255 0.147467 0.201007
3.0 0.790013 0.449978 0.221810 0.245437
3.0 0.885233 0.508337 0.111320 0.143375
3.0 0.861549 0.210191 0.156587 0.207516
3.0 0.908307 0.372561 0.136586 0.218691
3.0 0.379050 0.499491 0.139909 0.143356
3.0 0.633078 0.114708 0.143314 0.229416
3.0 0.760025 0.043594 0.181489 0.087188
