3.0 0.531335 0.470862 0.220532 0.275415
3.0 0.399075 0.608015 0.218741 0.334527
3.0 0.808125 0.345424 0.175170 0.168146
3.0 0.385365 0.916938 0.140657 0.163093
3.0 0.261237 0.939394 0.205237 0.121213
3.0 0.062182 0.929904 0.124364 0.079097
3.0 0.050014 0.848507 0.100029 0.168374
3.0 0.395834 0.530768 0.170714 0.182938
3.0 0.398038 0.662548 0.197241 0.275643
3.0 0.294921 0.643618 0.189316 0.264735
3.0 0.288404 0.820879 0.181002 0.183346
3.0 0.078351 0.666027 0.156702 0.289163
3.0 0.157678 0.806759 0.227533 0.228254
3.0 0.154172 0.603999 0.181529 0.224127
3.0 0.775122 0.456139 0.264442 0.283835
3.0 0.858408 0.529367 0.136114 0.162222
3.0 0.895835 0.235937 0.191860 0.232366
3.0 0.909688 0.401106 0.174356 0.239962
3.0 0.353135 0.434167 0.164883 0.167738
3.0 0.684444 0.114648 0.179790 0.229296
3.0 0.825937 0.064233 0.193574 0.104396
