3.0 0.598779 0.477707 0.161103 0.213235
3.0 0.459449 0.608527 0.132811 0.276508
3.0 0.895413 0.354202 0.149465 0.113871
3.0 0.457864 0.899188 0.106768 0.122545
3.0 0.319407 0.947234 0.192513 0.105533
3.0 0.078989 0.951459 0.150334 0.097082
3.0 0.059977 0.842300 0.119422 0.122954
3.0 0.452905 0.536668 0.136594 0.132789
3.0 0.461125 0.660395 0.131060 0.222318
3.0 0.347461 0.644695 0.126517 0.212117
3.0 0.347753 0.810526 0.149941 0.128580
3.0 0.078068 0.670449 0.153143 0.227671
3.0 0.203871 0.800452 0.188852 0.159225
3.0 0.191812 0.610202 0.133677 0.172908
3.0 0.864179 0.459056 0.212236 0.204834
3.0 0.953552 0.525758 0.092895 0.122409
3.0 0.957531 0.249735 0.084937 0.177853
3.0 0.974900 0.404794 0.050199 0.191717
3.0 0.402713 0.446845 0.136118 0.118080
3.0 0.752987 0.127867 0.122124 0.206562
3.0 0.909680 0.056796 0.180640 0.113591
