7 0.86484375 0.2671875 0.2703125 0.25625
7 0.93046875 0.259375 0.1390625 0.271875
7 0.66796875 0.22109375 0.3640625 0.2546875
7 0.90390625 0.190625 0.1921875 0.25625
7 0.73046875 0.12421875 0.2734375 0.215625
7 0.41015625 0.11875 0.2171875 0.2375
7 0.38515625 0.0859375 0.2640625 0.171875
7 0.45390625 0.07109375 0.1296875 0.1421875
7 0.409375 0.13671875 0.215625 0.2734375
7 0.465625 0.72265625 0.2828125 0.4515625
7 0.734375 0.7640625 0.3828125 0.4546875
7 0.628125 0.53671875 0.334375 0.4859375
7 0.515625 0.45703125 0.240625 0.3046875
7 0.17109375 0.36484375 0.3421875 0.3546875
7 0.16328125 0.68359375 0.3265625 0.5390625
7 0.2953125 0.46953125 0.3265625 0.4890625