7.0 0.208019 0.219544 0.258221 0.272462
7.0 0.147445 0.209685 0.137073 0.285079
7.0 0.391842 0.177176 0.345046 0.273382
7.0 0.174136 0.139266 0.185828 0.270349
7.0 0.336854 0.095250 0.259889 0.190501
7.0 0.633831 0.102032 0.208427 0.204064
7.0 0.657988 0.068735 0.249881 0.137470
7.0 0.594731 0.051537 0.124468 0.103074
7.0 0.634012 0.120625 0.208065 0.241249
7.0 0.564190 0.701632 0.275704 0.474896
7.0 0.313906 0.737206 0.368461 0.480835
7.0 0.419229 0.504840 0.324522 0.511860
7.0 0.525882 0.425429 0.232175 0.321779
7.0 0.842011 0.339360 0.315978 0.376263
7.0 0.843044 0.669392 0.313913 0.566619
7.0 0.729653 0.444323 0.317377 0.514882
