7 0.43359375 0.146875 0.246875 0.2328125
7 0.2578125 0.1421875 0.246875 0.2359375
7 0.603125 0.24609375 0.24375 0.225
7 0.54375 0.10546875 0.184375 0.159375
7 0.36953125 0.06484375 0.1890625 0.1296875
7 0.92734375 0.2640625 0.1453125 0.34375
7 0.5359375 0.6984375 0.34375 0.603125
7 0.22265625 0.6109375 0.4453125 0.634375
7 0.8640625 0.81015625 0.1625 0.221875
7 0.81328125 0.671875 0.15625 0.24375
7 0.74375 0.8609375 0.190625 0.278125
7 0.65078125 0.8546875 0.1609375 0.290625
7 0.7109375 0.65 0.15 0.2265625