7 0.26171875 0.25625 0.2171875 0.184375
7 0.096875 0.28984375 0.19375 0.1765625
7 0.05 0.20859375 0.1 0.1296875
7 0.13671875 0.190625 0.146875 0.1515625
7 0.2359375 0.15625 0.1421875 0.1296875
7 0.77734375 0.0296875 0.1546875 0.059375
7 0.64765625 0.03671875 0.1328125 0.0734375
7 0.528125 0.05 0.128125 0.1
7 0.50859375 0.1421875 0.1453125 0.11875
7 0.646875 0.11875 0.1328125 0.1140625
7 0.80390625 0.09453125 0.1296875 0.109375
7 0.59375 0.225 0.1515625 0.125
7 0.74921875 0.1953125 0.146875 0.1234375
7 0.1390625 0.66171875 0.278125 0.4296875