7 0.35 0.1734375 0.20703125 0.18828125
7 0.178125 0.21171875 0.20703125 0.1921875
7 0.5390625 0.22890625 0.20546875 0.18046875
7 0.446875 0.10703125 0.15859375 0.125
7 0.2671875 0.1015625 0.16796875 0.1078125
7 0.8921875 0.159375 0.14375 0.31875
7 0.58359375 0.68671875 0.2109375 0.5734375
7 0.2359375 0.68046875 0.3671875 0.56171875
7 0.928125 0.71328125 0.1171875 0.2
7 0.8453125 0.59140625 0.10546875 0.225
7 0.83203125 0.82109375 0.1171875 0.31953125
7 0.73515625 0.81796875 0.0921875 0.2984375
7 0.740625 0.59453125 0.103125 0.2078125