7.0 0.656058 0.248902 0.236629 0.209268
7.0 0.817674 0.251985 0.213137 0.197961
7.0 0.848275 0.168138 0.116527 0.138150
7.0 0.763204 0.166240 0.164568 0.166598
7.0 0.663535 0.151177 0.156434 0.145383
7.0 0.129986 0.125910 0.156368 0.081921
7.0 0.253853 0.110236 0.138054 0.091292
7.0 0.369171 0.102134 0.138112 0.115272
7.0 0.403236 0.184802 0.157541 0.135714
7.0 0.268465 0.186641 0.144924 0.129197
7.0 0.115825 0.190967 0.141175 0.124288
7.0 0.336686 0.276670 0.164510 0.142617
7.0 0.184600 0.275625 0.159812 0.140355
7.0 0.836387 0.606198 0.327225 0.448606
