7.0 0.587371 0.186686 0.281060 0.246118
7.0 0.773100 0.165793 0.281324 0.249113
7.0 0.416242 0.297577 0.277092 0.238341
7.0 0.467237 0.157289 0.208682 0.169918
7.0 0.648277 0.102106 0.211138 0.141909
7.0 0.082954 0.345046 0.165907 0.342943
7.0 0.525579 0.709875 0.414904 0.580249
7.0 0.793683 0.611673 0.412635 0.649415
7.0 0.187579 0.862414 0.190797 0.227765
7.0 0.229672 0.725173 0.186026 0.248143
7.0 0.319259 0.878851 0.225326 0.242297
7.0 0.417171 0.869218 0.194948 0.261564
7.0 0.336191 0.694663 0.177957 0.231090
