7.0 0.433594 0.146875 0.246875 0.232812
7.0 0.257812 0.142188 0.246875 0.235938
7.0 0.603125 0.246094 0.243750 0.225000
7.0 0.543750 0.105469 0.184375 0.159375
7.0 0.369531 0.064844 0.189063 0.129688
7.0 0.927344 0.264062 0.145313 0.343750
7.0 0.535937 0.698438 0.343750 0.603125
7.0 0.222656 0.610937 0.445312 0.634375
7.0 0.864062 0.810156 0.162500 0.221875
7.0 0.813281 0.671875 0.156250 0.243750
7.0 0.743750 0.860937 0.190625 0.278125
7.0 0.650781 0.854688 0.160938 0.290625
7.0 0.710938 0.650000 0.150000 0.226562
