7.0 0.124852 0.233423 0.249705 0.285271
7.0 0.059606 0.227938 0.119212 0.296242
7.0 0.305212 0.174987 0.374542 0.284395
7.0 0.083673 0.153448 0.167346 0.282184
7.0 0.235864 0.096235 0.283503 0.192469
7.0 0.556672 0.092654 0.233201 0.185308
7.0 0.577920 0.058416 0.275697 0.116832
7.0 0.509858 0.042112 0.139573 0.084224
7.0 0.557319 0.112218 0.234495 0.224437
7.0 0.544004 0.706750 0.310343 0.488557
7.0 0.275650 0.756203 0.408324 0.487595
7.0 0.367374 0.512808 0.362796 0.526740
7.0 0.475115 0.423082 0.257475 0.332075
7.0 0.817558 0.312400 0.364885 0.388843
7.0 0.832930 0.652694 0.334141 0.586838
7.0 0.697508 0.428564 0.355425 0.530842
