7.0 0.496849 0.203305 0.263859 0.253554
7.0 0.651770 0.165061 0.264464 0.256314
7.0 0.365745 0.323842 0.259579 0.246046
7.0 0.391193 0.188100 0.194257 0.176556
7.0 0.537781 0.118413 0.192673 0.151241
7.0 0.089720 0.402616 0.179441 0.331847
7.0 0.512755 0.705328 0.421329 0.589345
7.0 0.757428 0.572315 0.485144 0.646777
7.0 0.243477 0.872737 0.186948 0.227522
7.0 0.261760 0.740732 0.185636 0.245633
7.0 0.359949 0.876459 0.222755 0.247081
7.0 0.441156 0.863360 0.198854 0.273280
7.0 0.348257 0.701553 0.176773 0.229238
