7.0 0.738281 0.256250 0.217188 0.184375
7.0 0.903125 0.289844 0.193750 0.176562
7.0 0.950000 0.208594 0.100000 0.129687
7.0 0.863281 0.190625 0.146875 0.151562
7.0 0.764062 0.156250 0.142188 0.129687
7.0 0.222656 0.029687 0.154688 0.059375
7.0 0.352344 0.036719 0.132812 0.073437
7.0 0.471875 0.050000 0.128125 0.100000
7.0 0.491406 0.142188 0.145312 0.118750
7.0 0.353125 0.118750 0.132812 0.114063
7.0 0.196094 0.094531 0.129688 0.109375
7.0 0.406250 0.225000 0.151562 0.125000
7.0 0.250781 0.195313 0.146875 0.123438
7.0 0.860938 0.661719 0.278125 0.429688
