7.0 0.872351 0.284327 0.255298 0.270179
7.0 0.936000 0.275252 0.128000 0.288330
7.0 0.686521 0.238303 0.357304 0.268139
7.0 0.910869 0.202324 0.178262 0.270394
7.0 0.749609 0.133664 0.269420 0.227163
7.0 0.438377 0.129475 0.216912 0.258950
7.0 0.416261 0.095079 0.261144 0.190157
7.0 0.481995 0.078699 0.129676 0.157399
7.0 0.438539 0.149130 0.216588 0.298260
7.0 0.476122 0.768699 0.285024 0.462603
7.0 0.737243 0.787979 0.381399 0.424043
7.0 0.639303 0.576279 0.335135 0.516082
7.0 0.531886 0.492852 0.239666 0.323666
7.0 0.195361 0.400722 0.346738 0.375060
7.0 0.174262 0.727803 0.348524 0.544395
7.0 0.317386 0.509632 0.327680 0.520701
