7.0 0.745697 0.241574 0.301821 0.294080
7.0 0.803756 0.220281 0.185702 0.280276
7.0 0.556410 0.241413 0.386849 0.312781
7.0 0.764631 0.162667 0.230682 0.277297
7.0 0.592273 0.138763 0.295839 0.257335
7.0 0.299413 0.202536 0.249372 0.265399
7.0 0.269519 0.177686 0.277797 0.215027
7.0 0.328896 0.149246 0.148986 0.158817
7.0 0.302606 0.219254 0.255758 0.298162
7.0 0.481141 0.746830 0.355642 0.476652
7.0 0.734857 0.727233 0.447379 0.501013
7.0 0.588709 0.540670 0.410063 0.519389
7.0 0.468954 0.491443 0.285313 0.332315
7.0 0.164764 0.480549 0.329528 0.400184
7.0 0.202295 0.746241 0.404590 0.507517
7.0 0.271057 0.550284 0.403628 0.520589
