7.0 0.257408 0.227032 0.249518 0.243411
7.0 0.112186 0.307392 0.224373 0.247440
7.0 0.456023 0.239265 0.246030 0.234983
7.0 0.335365 0.135507 0.186311 0.166631
7.0 0.158464 0.172608 0.191153 0.151136
7.0 0.783515 0.132510 0.220463 0.265020
7.0 0.614483 0.690014 0.350049 0.619971
7.0 0.273304 0.721868 0.499739 0.556264
7.0 0.937681 0.646241 0.124639 0.234126
7.0 0.846210 0.540254 0.159526 0.257121
7.0 0.890912 0.780281 0.194711 0.357395
7.0 0.795495 0.800100 0.164993 0.329695
7.0 0.744730 0.568377 0.152921 0.238838
