3.0 0.334038 0.545733 0.650260 0.908534
3.0 0.113652 0.511911 0.227304 0.383632
3.0 0.204349 0.824760 0.245920 0.350480
3.0 0.318840 0.938749 0.219380 0.122502
3.0 0.359128 0.058673 0.179906 0.117345
3.0 0.293698 0.135659 0.218490 0.271319
3.0 0.557976 0.388078 0.286136 0.437715
3.0 0.415807 0.173206 0.262978 0.346412
3.0 0.654949 0.167189 0.289547 0.334378
3.0 0.835646 0.221272 0.258350 0.391184
3.0 0.742446 0.608130 0.266577 0.408529
3.0 0.650930 0.777774 0.299534 0.432968
3.0 0.837308 0.820843 0.251616 0.257916
3.0 0.885160 0.672982 0.229680 0.422952
3.0 0.924488 0.469742 0.151024 0.386789
3.0 0.111289 0.223678 0.222577 0.404006
3.0 0.123596 0.134056 0.224571 0.253404
3.0 0.488945 0.110311 0.232809 0.220622
3.0 0.584441 0.043079 0.228883 0.086159
3.0 0.733595 0.078484 0.256135 0.156969
3.0 0.746752 0.395470 0.250429 0.381658
