3.0 0.736492 0.590597 0.422054 0.818807
3.0 0.931695 0.474979 0.136610 0.329189
3.0 0.926570 0.802093 0.146859 0.322696
3.0 0.860824 0.944990 0.181283 0.110021
3.0 0.561815 0.099694 0.146229 0.133301
3.0 0.652126 0.171387 0.153851 0.242454
3.0 0.467506 0.483573 0.183793 0.377542
3.0 0.541363 0.229392 0.173773 0.329304
3.0 0.298907 0.256910 0.186937 0.377580
3.0 0.152462 0.404319 0.167564 0.335644
3.0 0.348082 0.735593 0.170904 0.351723
3.0 0.483254 0.841570 0.199395 0.316861
3.0 0.313936 0.928755 0.200461 0.142489
3.0 0.205310 0.828708 0.177349 0.342585
3.0 0.095819 0.665128 0.136242 0.344884
3.0 0.893876 0.201616 0.211579 0.336182
3.0 0.819245 0.133323 0.172204 0.200979
3.0 0.446277 0.162453 0.163596 0.268235
3.0 0.332151 0.109720 0.190637 0.165921
3.0 0.191579 0.162548 0.188826 0.274959
3.0 0.286004 0.540713 0.161198 0.329151
