3.0 0.694245 0.524848 0.440427 0.873933
3.0 0.894906 0.410423 0.169971 0.343385
3.0 0.866497 0.740560 0.165538 0.335248
3.0 0.789639 0.897421 0.178594 0.156353
3.0 0.557742 0.039154 0.143192 0.078307
3.0 0.638005 0.105890 0.156594 0.211781
3.0 0.448176 0.389558 0.192146 0.392205
3.0 0.531046 0.154221 0.180292 0.308441
3.0 0.302492 0.173606 0.195096 0.347212
3.0 0.157830 0.289997 0.174402 0.349896
3.0 0.323289 0.637444 0.178845 0.366166
3.0 0.442549 0.779088 0.206880 0.384091
3.0 0.279528 0.859403 0.197828 0.211676
3.0 0.183839 0.734051 0.184758 0.379185
3.0 0.099277 0.550973 0.127228 0.356346
3.0 0.862803 0.153616 0.215690 0.307233
3.0 0.796542 0.081593 0.171290 0.163185
3.0 0.445610 0.102119 0.166934 0.204238
3.0 0.340992 0.045950 0.187442 0.091899
3.0 0.207495 0.096291 0.191986 0.192583
3.0 0.275610 0.436519 0.168494 0.341757
