3.0 0.298438 0.553125 0.409375 0.812500
3.0 0.092188 0.428125 0.159375 0.318750
3.0 0.101562 0.746875 0.153125 0.312500
3.0 0.170312 0.917188 0.178125 0.165625
3.0 0.478125 0.067187 0.143750 0.128125
3.0 0.387500 0.135938 0.150000 0.234375
3.0 0.567187 0.442187 0.178125 0.365625
3.0 0.496875 0.193750 0.168750 0.318750
3.0 0.737500 0.223438 0.181250 0.365625
3.0 0.881250 0.368750 0.162500 0.325000
3.0 0.682813 0.689062 0.165625 0.340625
3.0 0.546875 0.815625 0.193750 0.356250
3.0 0.714063 0.904688 0.196875 0.190625
3.0 0.823438 0.792188 0.171875 0.353125
3.0 0.934375 0.623438 0.131250 0.334375
3.0 0.146875 0.162500 0.206250 0.325000
3.0 0.221875 0.096875 0.168750 0.193750
3.0 0.592188 0.129688 0.159375 0.259375
3.0 0.706250 0.079687 0.187500 0.159375
3.0 0.845312 0.132812 0.184375 0.265625
3.0 0.746875 0.500000 0.156250 0.318750
