3.0 0.671822 0.548220 0.547219 0.903560
3.0 0.897454 0.454661 0.205092 0.359462
3.0 0.845684 0.785188 0.206165 0.350911
3.0 0.749863 0.925706 0.207624 0.148589
3.0 0.559073 0.049471 0.167760 0.098941
3.0 0.641698 0.120163 0.190469 0.240326
3.0 0.410992 0.398398 0.239524 0.410410
3.0 0.520341 0.165124 0.222973 0.330248
3.0 0.268042 0.175941 0.242886 0.351881
3.0 0.103691 0.275145 0.207382 0.366373
3.0 0.255797 0.638410 0.223023 0.383120
3.0 0.376727 0.790589 0.255139 0.403395
3.0 0.191677 0.858687 0.232758 0.228924
3.0 0.105361 0.724790 0.210723 0.396706
3.0 0.049243 0.533584 0.098485 0.369152
3.0 0.877144 0.178294 0.245713 0.356588
3.0 0.818065 0.102215 0.203696 0.204430
3.0 0.431266 0.108978 0.203011 0.217956
3.0 0.320280 0.048646 0.217471 0.097291
3.0 0.169862 0.094209 0.229735 0.188418
3.0 0.217851 0.432124 0.209884 0.357704
