3.0 0.256922 0.532418 0.513844 0.862694
3.0 0.065349 0.428588 0.130697 0.338860
3.0 0.084836 0.747621 0.169672 0.330816
3.0 0.162810 0.896966 0.202316 0.157871
3.0 0.391967 0.048619 0.162762 0.097238
3.0 0.305591 0.114849 0.180978 0.229698
3.0 0.524900 0.392567 0.224540 0.386967
3.0 0.425485 0.160017 0.209933 0.320035
3.0 0.678691 0.174899 0.227854 0.349798
3.0 0.842980 0.285786 0.203618 0.345328
3.0 0.670635 0.628453 0.209031 0.361256
3.0 0.543074 0.769981 0.240587 0.379622
3.0 0.725847 0.842075 0.225285 0.212176
3.0 0.827837 0.717175 0.215970 0.374085
3.0 0.915748 0.536708 0.151643 0.349912
3.0 0.091526 0.165609 0.183053 0.331218
3.0 0.129376 0.094228 0.195984 0.188456
3.0 0.517907 0.107883 0.192914 0.215765
3.0 0.631893 0.051766 0.212153 0.103532
3.0 0.781089 0.098246 0.220272 0.196491
3.0 0.717206 0.431990 0.196835 0.337230
