3 0.2984375 0.553125 0.409375 0.8125
3 0.0921875 0.428125 0.159375 0.31875
3 0.1015625 0.746875 0.153125 0.3125
3 0.1703125 0.9171875 0.178125 0.165625
3 0.478125 0.0671875 0.14375 0.128125
3 0.3875 0.1359375 0.15 0.234375
3 0.5671875 0.4421875 0.178125 0.365625
3 0.496875 0.19375 0.16875 0.31875
3 0.7375 0.2234375 0.18125 0.365625
3 0.88125 0.36875 0.1625 0.325
3 0.6828125 0.6890625 0.165625 0.340625
3 0.546875 0.815625 0.19375 0.35625
3 0.7140625 0.9046875 0.196875 0.190625
3 0.8234375 0.7921875 0.171875 0.353125
3 0.934375 0.6234375 0.13125 0.334375
3 0.146875 0.1625 0.20625 0.325
3 0.221875 0.096875 0.16875 0.19375
3 0.5921875 0.1296875 0.159375 0.259375
3 0.70625 0.0796875 0.1875 0.159375
3 0.8453125 0.1328125 0.184375 0.265625
3 0.746875 0.5 0.15625 0.31875