3.0 0.326479 0.516721 0.440108 0.788030
3.0 0.129162 0.416774 0.169917 0.309594
3.0 0.160643 0.712031 0.165494 0.302252
3.0 0.237497 0.851527 0.176228 0.142234
3.0 0.453977 0.058031 0.141498 0.116062
3.0 0.376451 0.122008 0.155839 0.229314
3.0 0.565336 0.392497 0.192130 0.353585
3.0 0.481525 0.167158 0.179999 0.309734
3.0 0.704952 0.176985 0.195031 0.353971
3.0 0.847850 0.299711 0.174319 0.315479
3.0 0.690137 0.612896 0.178843 0.330103
3.0 0.575231 0.741221 0.206432 0.346503
3.0 0.735393 0.811096 0.195642 0.192011
3.0 0.827456 0.697654 0.184766 0.341834
3.0 0.907996 0.532663 0.128309 0.320663
3.0 0.157365 0.165842 0.214689 0.318953
3.0 0.221258 0.098677 0.169736 0.193106
3.0 0.564225 0.113783 0.166124 0.227566
3.0 0.665790 0.062898 0.184891 0.125795
3.0 0.796771 0.107153 0.190468 0.214305
3.0 0.734445 0.432386 0.168456 0.308117
