3.0 0.321723 0.562043 0.415244 0.875915
3.0 0.121547 0.429728 0.161701 0.348853
3.0 0.125355 0.776293 0.155466 0.341965
3.0 0.189906 0.935540 0.177503 0.128921
3.0 0.506173 0.057031 0.143155 0.114062
3.0 0.416126 0.122592 0.151080 0.245183
3.0 0.587187 0.452256 0.180883 0.400083
3.0 0.522423 0.181178 0.170896 0.348996
3.0 0.757925 0.217113 0.183948 0.400131
3.0 0.896458 0.377233 0.164872 0.355693
3.0 0.696419 0.722327 0.168201 0.372722
3.0 0.560953 0.831368 0.196050 0.337263
3.0 0.723424 0.926030 0.196315 0.147941
3.0 0.832600 0.821674 0.174542 0.356652
3.0 0.938534 0.654841 0.122932 0.365405
3.0 0.179674 0.160028 0.207782 0.320057
3.0 0.254342 0.089135 0.168784 0.178270
3.0 0.616988 0.127585 0.160698 0.255169
3.0 0.729705 0.074221 0.186592 0.148442
3.0 0.865199 0.133007 0.185323 0.266013
3.0 0.762446 0.517828 0.158636 0.348805
