3.0 0.299963 0.560711 0.547178 0.878577
3.0 0.087749 0.476347 0.175498 0.354726
3.0 0.128310 0.804896 0.206014 0.347286
3.0 0.225503 0.935503 0.208671 0.128994
3.0 0.408245 0.060137 0.167535 0.120273
3.0 0.326031 0.130497 0.190579 0.260994
3.0 0.558318 0.417224 0.239978 0.406164
3.0 0.447293 0.174506 0.223023 0.349012
3.0 0.698806 0.183829 0.243184 0.367657
3.0 0.869031 0.292477 0.217589 0.361681
3.0 0.715587 0.654880 0.223241 0.378343
3.0 0.595935 0.803778 0.254541 0.392444
3.0 0.781400 0.873270 0.231821 0.227894
3.0 0.876002 0.739832 0.231610 0.392253
3.0 0.934952 0.547916 0.130096 0.366540
3.0 0.107280 0.192860 0.214559 0.368468
3.0 0.149995 0.113334 0.203456 0.226668
3.0 0.535049 0.118220 0.204110 0.236441
3.0 0.644244 0.058699 0.217311 0.117398
3.0 0.795229 0.102793 0.230737 0.205586
3.0 0.751716 0.449205 0.210198 0.354241
