3.0 0.732361 0.569118 0.512797 0.861764
3.0 0.928835 0.485190 0.142330 0.359620
3.0 0.909099 0.824226 0.181802 0.351083
3.0 0.825042 0.949721 0.201457 0.100558
3.0 0.599249 0.066893 0.162110 0.133786
3.0 0.684935 0.140808 0.180465 0.267004
3.0 0.466253 0.448011 0.224077 0.410678
3.0 0.565641 0.190527 0.209447 0.359995
3.0 0.313917 0.201344 0.227374 0.402688
3.0 0.150297 0.335269 0.203185 0.366481
3.0 0.320833 0.698942 0.208601 0.383393
3.0 0.447314 0.823801 0.240009 0.352398
3.0 0.265454 0.906772 0.224413 0.186457
3.0 0.164354 0.793549 0.215529 0.397009
3.0 0.077378 0.602013 0.151535 0.371467
3.0 0.903122 0.195885 0.193757 0.371332
3.0 0.860160 0.117254 0.195290 0.225661
3.0 0.473922 0.129983 0.192366 0.259965
3.0 0.360743 0.070475 0.211238 0.140950
3.0 0.212326 0.120019 0.219535 0.240039
3.0 0.274991 0.490320 0.196424 0.357891
