3.0 0.678835 0.546175 0.607804 0.907651
3.0 0.842460 0.412802 0.235914 0.373212
3.0 0.887130 0.743125 0.225740 0.364281
3.0 0.851738 0.908978 0.202797 0.182044
3.0 0.434749 0.088347 0.166553 0.171030
3.0 0.527807 0.147953 0.203576 0.282507
3.0 0.416785 0.487849 0.267578 0.425851
3.0 0.438568 0.221821 0.245644 0.375407
3.0 0.226183 0.284010 0.270719 0.428076
3.0 0.120967 0.452159 0.241526 0.380544
3.0 0.354306 0.758021 0.249300 0.397463
3.0 0.498259 0.830567 0.279676 0.338866
3.0 0.362509 0.930254 0.233123 0.139492
3.0 0.244402 0.838489 0.257744 0.323021
3.0 0.123921 0.721002 0.198488 0.376900
3.0 0.749875 0.170565 0.281166 0.341130
3.0 0.670923 0.104564 0.208464 0.209127
3.0 0.342988 0.173698 0.216911 0.300681
3.0 0.231862 0.140838 0.211497 0.194819
3.0 0.118126 0.218752 0.236251 0.294827
3.0 0.264611 0.570878 0.234163 0.371300
