3.0 0.302344 0.567188 0.465625 0.839063
3.0 0.089844 0.457031 0.179688 0.329687
3.0 0.119531 0.774219 0.175000 0.321875
3.0 0.200781 0.925000 0.189062 0.150000
3.0 0.447656 0.069531 0.151562 0.137500
3.0 0.362500 0.144531 0.165625 0.243750
3.0 0.563281 0.437500 0.203125 0.376562
3.0 0.475781 0.194531 0.190625 0.329688
3.0 0.717969 0.207813 0.206250 0.378125
3.0 0.871094 0.342188 0.184375 0.335938
3.0 0.695312 0.675781 0.189062 0.351562
3.0 0.568750 0.811719 0.218750 0.368750
3.0 0.741406 0.889063 0.209375 0.203125
3.0 0.842969 0.768750 0.195312 0.364062
3.0 0.932813 0.592969 0.134375 0.342188
3.0 0.124219 0.188281 0.228125 0.339063
3.0 0.194531 0.117188 0.181250 0.204688
3.0 0.566406 0.129688 0.176563 0.259375
3.0 0.677344 0.075781 0.198438 0.151562
3.0 0.818750 0.124219 0.203125 0.248437
3.0 0.746094 0.482813 0.178125 0.328125
