3.0 0.685435 0.550566 0.613634 0.898868
3.0 0.887291 0.417500 0.225418 0.361194
3.0 0.896339 0.743207 0.207322 0.352570
3.0 0.844829 0.908256 0.221289 0.180667
3.0 0.459468 0.080362 0.179918 0.160724
3.0 0.560227 0.142558 0.210276 0.272033
3.0 0.391323 0.469781 0.269231 0.412228
3.0 0.448080 0.210430 0.249199 0.362859
3.0 0.194635 0.260740 0.272755 0.414285
3.0 0.087283 0.420116 0.174567 0.368237
3.0 0.286923 0.731163 0.250749 0.384772
3.0 0.440251 0.823102 0.284566 0.353796
3.0 0.269490 0.917686 0.250473 0.164628
3.0 0.144808 0.824293 0.259166 0.351413
3.0 0.060116 0.683454 0.120232 0.366955
3.0 0.817887 0.169811 0.290113 0.339623
3.0 0.733352 0.103366 0.221044 0.206732
3.0 0.343039 0.158562 0.224094 0.289519
3.0 0.218177 0.120861 0.231403 0.183677
3.0 0.100698 0.191431 0.201397 0.282487
3.0 0.205171 0.543489 0.235790 0.359374
