3.0 0.728497 0.575103 0.543005 0.849795
3.0 0.915509 0.451979 0.168981 0.339719
3.0 0.919434 0.762390 0.161132 0.331619
3.0 0.879526 0.917107 0.206993 0.165786
3.0 0.536528 0.117970 0.167838 0.150474
3.0 0.630581 0.180793 0.193716 0.254927
3.0 0.460612 0.487392 0.246133 0.387778
3.0 0.521975 0.242184 0.228374 0.340974
3.0 0.279464 0.282825 0.249454 0.389649
3.0 0.140022 0.430454 0.222767 0.346306
3.0 0.353873 0.733171 0.229211 0.361967
3.0 0.496354 0.829610 0.261012 0.340780
3.0 0.330950 0.917291 0.233311 0.165419
3.0 0.215375 0.826352 0.236885 0.347296
3.0 0.105492 0.680265 0.173087 0.346619
3.0 0.870925 0.195800 0.258149 0.354350
3.0 0.796775 0.135056 0.205151 0.218911
3.0 0.423533 0.189819 0.206457 0.271305
3.0 0.305835 0.150371 0.216609 0.169463
3.0 0.168725 0.213477 0.232010 0.263766
3.0 0.281446 0.552223 0.215609 0.338027
