3.0 0.733866 0.556555 0.455208 0.788459
3.0 0.918282 0.424667 0.163437 0.309228
3.0 0.926677 0.722810 0.146646 0.302934
3.0 0.884132 0.886822 0.184723 0.167721
3.0 0.524878 0.116367 0.148681 0.130186
3.0 0.617758 0.173826 0.162296 0.229798
3.0 0.465030 0.472891 0.198927 0.354356
3.0 0.515660 0.235858 0.186494 0.309921
3.0 0.284120 0.281343 0.201961 0.354587
3.0 0.154858 0.427569 0.180869 0.315291
3.0 0.370290 0.711813 0.185013 0.330103
3.0 0.511274 0.819873 0.213433 0.346762
3.0 0.355259 0.909561 0.204705 0.180878
3.0 0.241066 0.818439 0.191970 0.342230
3.0 0.121361 0.669163 0.151191 0.321731
3.0 0.853293 0.180832 0.223351 0.318524
3.0 0.775807 0.125135 0.177617 0.193273
3.0 0.418561 0.183120 0.173174 0.253821
3.0 0.304255 0.144890 0.193382 0.162581
3.0 0.172997 0.204741 0.197894 0.261500
3.0 0.294658 0.540118 0.174357 0.308997
