7.0 0.586059 0.207725 0.175223 0.239897
7.0 0.263253 0.336203 0.517500 0.517394
7.0 0.752224 0.688290 0.367338 0.474464
7.0 0.482285 0.611568 0.201296 0.205941
7.0 0.539675 0.604997 0.077207 0.129056
7.0 0.559949 0.754065 0.121099 0.232697
7.0 0.595243 0.852870 0.080885 0.160909
7.0 0.564735 0.719971 0.080618 0.150798
7.0 0.358667 0.666862 0.158876 0.212041
7.0 0.488153 0.807270 0.205545 0.259460
7.0 0.368561 0.880525 0.148325 0.188668
7.0 0.248688 0.754318 0.187892 0.235900
7.0 0.147120 0.648587 0.143734 0.122149
7.0 0.265705 0.617998 0.144964 0.114964
7.0 0.124435 0.812519 0.135238 0.176775
7.0 0.235603 0.904988 0.184150 0.147752
